mk_1d_dat
[   0.          918.91554904 1831.94476058 2739.1820694  3641.06445825]
[-0.86303029 -0.76749921 -0.67482542 -0.58455427 -0.49627525 -0.40963944
 -0.32434089 -0.24010109 -0.1566565  -0.07374753  0.00889261  0.09155043
  0.17454828  0.25826704  0.34318125  0.42991836  0.51936847  0.61291414
  0.71300087  0.82501115]
[0.         0.00646359 0.01294246 0.01943364 0.02593455]
[   0.         1418.59466496 2840.54223075 4265.19058717 5691.97473294]
[0.         0.01045582 0.02086079 0.03121699 0.04152649]
[   0.         2294.78666427 4578.41484798 6851.33772941 9114.01176764]
mk_3d_dat
100%|████████████████████████████████████████████████████████████████████████████████████████████| 20/20 [02:36<00:00,  7.84s/it]

use V_ab_init:
[   0.          927.84718803 1431.0821419  1837.07340498 2288.45803044 2348.70304339 2742.6047266  2848.49384975]

