mk_1d_dat
[   0.          918.91554904 1831.94476058 2739.1820694  3641.06445825]
[-0.46008848 -0.24565159 -0.05763717  0.12514993  0.32161288]
[0.         0.00646359 0.01294246 0.01943364 0.02593455]
[   0.         1418.59466496 2840.54223075 4265.19058717 5691.97473294]
[0.         0.01045582 0.02086079 0.03121699 0.04152649]
[   0.         2294.78666427 4578.41484798 6851.33772941 9114.01176764]
mk_3d_dat
100%|██████████████████████████████████████████████████████████████████████████████████████████████| 5/5 [00:00<00:00, 57.18it/s]
use V_ab_init:
[   0.          912.65162898 1414.92134755 1816.69169639 2277.0132153
 2326.22419214 2714.45872663 2832.87705731]
mk_1d_dat
[   0.          918.91554904 1831.94476058 2739.1820694  3641.06445825]
[-0.60974561 -0.40893061 -0.23701967 -0.07704585  0.07926017  0.23948083
  0.4174826 ]
[0.         0.00646359 0.01294246 0.01943364 0.02593455]
[   0.         1418.59466496 2840.54223075 4265.19058717 5691.97473294]
[0.         0.01045582 0.02086079 0.03121699 0.04152649]
[   0.         2294.78666427 4578.41484798 6851.33772941 9114.01176764]
mk_3d_dat
100%|██████████████████████████████████████████████████████████████████████████████████████████████| 7/7 [00:00<00:00, 20.18it/s]
use V_ab_init:
[   0.          912.64827785 1414.91838826 1816.62945645 2276.99718739
 2326.19650794 2712.08246066 2832.88061646]
mk_1d_dat
[   0.          918.91554904 1831.94476058 2739.1820694  3641.06445825]
[-0.74813737 -0.57506186 -0.42342671 -0.28315324 -0.14937291 -0.01888088
  0.11108042  0.24366115  0.38380085  0.54328113]
[0.         0.00646359 0.01294246 0.01943364 0.02593455]
[   0.         1418.59466496 2840.54223075 4265.19058717 5691.97473294]
[0.         0.01045582 0.02086079 0.03121699 0.04152649]
[   0.         2294.78666427 4578.41484798 6851.33772941 9114.01176764]
mk_3d_dat
100%|████████████████████████████████████████████████████████████████████████████████████████████| 10/10 [00:02<00:00,  3.92it/s]
use V_ab_init:
[   0.          921.29832348 1402.79000692 1814.27609969 2299.90111576
 2326.15057785 2720.11397699 2811.20638314]

