-8.687286277472268
46.711975515747675
54.46683854886208
100.45901255483376
88.97775837007059
-0.3430691050285791
59.872897538907345
67.89644518146257
112.81115337705134
102.95554445545434
12.115248471127758
88.25879639926981
95.2591214392218
140.2571750805327
128.6920986916152
39.195905392569685
49.8489771464186
57.72184871416667
102.9647808438372
92.73992627790733
3.605409261247269
60.056985166517094
69.01178841692199
115.43550315915392
104.12150525155762
15.454235277133396
-83.20254467098519
-82.41262930584757
-23.41393159791449
-40.231512673426344
-138.7925475142676
-76.21848325032406
-75.14648380004633
-16.014631560258362
-32.25550699748071
-132.18519039062792
-36.020868868683266
-34.42311194650248
24.654159206436848
7.171573537406958
-92.97857056496784
-87.81858663150807
-86.8189258136287
-27.649739988972968
-44.07789121597577
-142.6167422992068
-68.74579092105434
-66.81046632311025
-7.415636739529642
-24.43533302447641
-122.10561670072667
-26.50556163253545
-25.293173397921517
35.352119472729484
18.835737894308657
-88.98390379437107
-17.870167256778117
-15.437772832796497
45.48557528656106
30.104851406438414
-80.29820651978272
21.71312807201459
24.833001780177963
86.13957844513573
68.61959092427115
-41.10370143590616
-30.07721050825675
-27.784233311901463
33.32314917635207
17.502027370135224
-90.89736318893257
-12.219939969411083
-9.44044820280037
51.82837835148101
35.32859517744927
-71.29154009857703
-49.950460072305
-49.39255101727365
13.624976287220104
-2.1797609229554546
-114.9521552429824
-41.54383575070446
-39.59270036353137
23.31747644930755
9.173587027500453
-106.56101641951152
-2.6204145382834154
0.04309158914067307
63.25563271666949
46.33438010525517
-67.982654820679
-54.09169885287429
-52.23448320510592
10.839872918539863
-4.0029598597039815
-117.39068265300318
-37.365699472955434
-34.90666665968493
29.0460758739728
13.141084580742586
-98.18531352826025
-47.41122481349107
-47.88018460556032
17.111308570927722
0.5627991131865534
-118.62491855018183
-40.04087297645269
-39.057441469721084
25.728195761970717
10.506479944958881
-110.08771197158785
-1.9631128714328294
0.17233277200951863
64.6315369796408
47.07889510540538
-72.40501267941497
-52.45764636052771
-51.17236552304768
13.725162402724356
-2.0468050913897264
-120.44780490855749
-37.29985940169341
-35.78514642527318
30.746744387972832
13.874761077081253
-103.16116497153479
