-8.687286277472268
-2.6731065439187844
-2.843666957255712
-3.389651200383746
-1.7361606997356
-5.86948537765989
-3.161692864417031
-3.4244809644923233
-3.9982298895823276
-2.4086829309969637
-6.524362831118968
-3.2363983220402663
-3.5213305818907954
-4.060801417813285
-2.470667577894193
-6.564397040730441
-3.430544086676435
-3.7331164334704114
-4.283906823273472
-2.729805728192647
-6.782053477195087
-1.7708326713372904
-1.9459737831841624
-2.4244381410341376
-0.8804532822606078
-4.906220509335188
-0.3416704805533964
-0.4576093109571431
-0.8163171030932368
1.0956835092236021
-3.6327952561635364
-0.8368467840325885
-1.0485743367203098
-1.4232449592999352
0.42905213584091895
-4.291776312856754
-0.841370081900203
-1.0705237385239292
-1.405615838486592
0.44909288207617387
-4.253958771084561
-1.133267506108941
-1.3887681199405142
-1.7482240292072215
0.06801764029385451
-4.575158680510247
0.8947255571203894
0.7826827843985544
0.47273889017241755
2.2501950916167623
-2.3559666351962796
0.8970295048757179
0.8650936388755431
0.4915967290606196
2.532120323816475
-2.5830276947018667
0.4510551706289713
0.312869280972062
-0.05945977965170783
1.9241781941428304
-3.187612479394413
0.4884695355791309
0.33132386818410064
-0.0027971740962350836
1.9760102505767656
-3.1127803062040957
0.12997336854537178
-0.05504500779748764
-0.4040867987449649
1.5358732285540855
-3.483841325383169
2.1574597566417
2.1258835023596645
1.8217001823982435
3.723867531972083
-1.2567759105468264
0.5126541191436162
0.5577556664424644
0.04140799499105029
2.3158382965158264
-3.2531771747863742
0.18904647671080016
0.1423738410203233
-0.4041823500424229
1.7812910284475878
-3.7717655672043042
0.18524761711721524
0.1135142676929639
-0.3777355124732429
1.7970266766053495
-3.7152599058089075
-0.1189092918118622
-0.2109031716739168
-0.7336539153426633
1.3853839023266024
-4.050844745560629
1.8645678953105729
1.894609502686797
1.4603596083119657
3.5377216902414217
-1.8546232121944701
1.0087251540435025
1.166525445760274
0.5647529806496807
2.9844033641734935
-3.098931580965505
0.8503571935531394
0.9195327898172462
0.3141447080242917
2.65829359767511
-3.392790919456388
0.9308287022682988
0.9779777720230954
0.4209194965622087
2.7514117616244245
-3.260253821896128
0.615579796015072
0.6346254064893871
0.06582697178920084
2.3465601033750128
-3.5841451365317907
2.400379624300937
2.5235423149375613
2.0031106520341733
4.225764626025098
-1.6639135765116468
