mk_1d_dat
[   0.          918.91554904 1831.94476058 2739.1820694  3641.06445825]
[-0.46008848 -0.24565159 -0.05763717  0.12514993  0.32161288]
[0.         0.00646359 0.01294246 0.01943364 0.02593455]
[   0.         1418.59466496 2840.54223075 4265.19058717 5691.97473294]
[0.         0.01045582 0.02086079 0.03121699 0.04152649]
[   0.         2294.78666427 4578.41484798 6851.33772941 9114.01176764]
mk_3d_dat
use V_ab_init:
[   0.          912.65163144 1414.919926   1816.69204258 2277.01312626
 2326.22346311 2714.45906436 2832.87642968]
mk_1d_dat
[   0.          918.91554904 1831.94476058 2739.1820694  3641.06445825]
[-0.60974561 -0.40893061 -0.23701967 -0.07704585  0.07926017  0.23948083
  0.4174826 ]
[0.         0.00646359 0.01294246 0.01943364 0.02593455]
[   0.         1418.59466496 2840.54223075 4265.19058717 5691.97473294]
[0.         0.01045582 0.02086079 0.03121699 0.04152649]
[   0.         2294.78666427 4578.41484798 6851.33772941 9114.01176764]
mk_3d_dat
use V_ab_init:
[   0.          912.64823848 1414.91800155 1816.62927375 2276.99741957
 2326.19608153 2712.08202791 2832.880103  ]
mk_1d_dat
[   0.          918.91554904 1831.94476058 2739.1820694  3641.06445825]
[-0.74813737 -0.57506186 -0.42342671 -0.28315324 -0.14937291 -0.01888088
  0.11108042  0.24366115  0.38380085  0.54328113]
[0.         0.00646359 0.01294246 0.01943364 0.02593455]
[   0.         1418.59466496 2840.54223075 4265.19058717 5691.97473294]
[0.         0.01045582 0.02086079 0.03121699 0.04152649]
[   0.         2294.78666427 4578.41484798 6851.33772941 9114.01176764]
mk_3d_dat
use V_ab_init:
[   0.          912.67967648 1415.14554508 1816.3677045  2277.2688438
 2326.35654736 2711.77487322 2833.11814664]
mk_1d_dat
[   0.          918.91554904 1831.94476058 2739.1820694  3641.06445825]
[-0.86303029 -0.76749921 -0.67482542 -0.58455427 -0.49627525 -0.40963944
 -0.32434089 -0.24010109 -0.1566565  -0.07374753  0.00889261  0.09155043
  0.17454828  0.25826704  0.34318125  0.42991836  0.51936847  0.61291414
  0.71300087  0.82501115]
[0.         0.00646359 0.01294246 0.01943364 0.02593455]
[   0.         1418.59466496 2840.54223075 4265.19058717 5691.97473294]
[0.         0.01045582 0.02086079 0.03121699 0.04152649]
[   0.         2294.78666427 4578.41484798 6851.33772941 9114.01176764]
mk_3d_dat
use V_ab_init:
[   0.          912.69165128 1415.23238299 1816.24908916 2277.20474353
 2326.51877874 2711.85546793 2833.27132393]
