mk_1d_dat
[   0.          918.91554904 1831.94476058 2739.1820694  3641.06445825]
[-0.46008848 -0.24565159 -0.05763717  0.12514993  0.32161288]
[0.         0.00646359 0.01294246 0.01943364 0.02593455]
[   0.         1418.59466496 2840.54223075 4265.19058717 5691.97473294]
[0.         0.01045582 0.02086079 0.03121699 0.04152649]
[   0.         2294.78666427 4578.41484798 6851.33772941 9114.01176764]
mk_3d_dat
use V_ab_init:
[   0.          912.65162233 1414.91992189 1816.69201844 2277.01312011
 2326.22343793 2714.45902284 2832.87642398]
mk_1d_dat
[   0.          918.91554904 1831.94476058 2739.1820694  3641.06445825]
[-0.60974561 -0.40893061 -0.23701967 -0.07704585  0.07926017  0.23948083
  0.4174826 ]
[0.         0.00646359 0.01294246 0.01943364 0.02593455]
[   0.         1418.59466496 2840.54223075 4265.19058717 5691.97473294]
[0.         0.01045582 0.02086079 0.03121699 0.04152649]
[   0.         2294.78666427 4578.41484798 6851.33772941 9114.01176764]
mk_3d_dat
use V_ab_init:
[   0.          912.64823659 1414.9180004  1816.62925237 2276.99742031
 2326.19607723 2712.08192776 2832.88010485]
mk_1d_dat
[   0.          918.91554904 1831.94476058 2739.1820694  3641.06445825]
[-0.74813737 -0.57506186 -0.42342671 -0.28315324 -0.14937291 -0.01888088
  0.11108042  0.24366115  0.38380085  0.54328113]
[0.         0.00646359 0.01294246 0.01943364 0.02593455]
[   0.         1418.59466496 2840.54223075 4265.19058717 5691.97473294]
[0.         0.01045582 0.02086079 0.03121699 0.04152649]
[   0.         2294.78666427 4578.41484798 6851.33772941 9114.01176764]
mk_3d_dat
use V_ab_init:
[   0.          912.57823457 1414.91983148 1816.47183347 2277.03444413
 2326.3397667  2711.93309538 2832.8600785 ]
mk_1d_dat
[   0.          918.91554904 1831.94476058 2739.1820694  3641.06445825]
[-0.86303029 -0.76749921 -0.67482542 -0.58455427 -0.49627525 -0.40963944
 -0.32434089 -0.24010109 -0.1566565  -0.07374753  0.00889261  0.09155043
  0.17454828  0.25826704  0.34318125  0.42991836  0.51936847  0.61291414
  0.71300087  0.82501115]
[0.         0.00646359 0.01294246 0.01943364 0.02593455]
[   0.         1418.59466496 2840.54223075 4265.19058717 5691.97473294]
[0.         0.01045582 0.02086079 0.03121699 0.04152649]
[   0.         2294.78666427 4578.41484798 6851.33772941 9114.01176764]
mk_3d_dat
use V_ab_init:
[   0.          912.56551969 1414.89054018 1816.41622975 2277.04537645
 2326.28009028 2711.72144985 2832.81130278]
