mk_3d_dat
use V_ab_init:
[   0.          935.61519835 1418.01708379 1862.20344991 2282.32056436
 2351.46262752 2782.99888968 2833.22056055]
mk_3d_dat
use V_ab_init:
[   0.          935.37119528 1417.64998775 1862.37591124 2260.03389906
 2350.25555587 2780.58029826 2831.36924505]
mk_3d_dat
use V_ab_init:
[   0.          935.36131578 1417.64996439 1861.6274215  2258.50091508
 2350.41922733 2779.04687122 2831.62198918]
mk_3d_dat
use V_ab_init:
[   0.          935.37432655 1417.61498421 1861.46546658 2258.48757947
 2350.35553212 2778.16790933 2831.57913247]

