n_po : 5
[   0.         1000.03066418 1376.02445448 1992.15013066 2365.28368438
 2393.43924111 2753.56508272 2984.83086054 3353.80990872 3394.7372135 ]
n_po : 7
[   0.         1000.05295795 1376.03535129 1991.26951465 2365.26293745
 2393.43442103 2753.56989378 2973.55455694 3352.28816584 3394.37440153]
n_po : 10
[   0.         1000.0471141  1375.97899314 1991.18537772 2365.21886507
 2393.41117579 2753.51112008 2973.08786463 3352.13268582 3394.34598606]
(base) [jtyang@master src]$ vi new_ref_test.py
(base) [jtyang@master src]$ python new_ref_test.py
n_po : 5
[   0.         1000.03066448 1376.02445473 1992.15013105 2365.28368471
 2393.4392413  2753.56508292 2984.83086032 3353.80990812 3394.73721395]
n_po : 7
[   0.         1000.05295662 1376.03535078 1991.26951387 2365.26293752
 2393.43442046 2753.56989347 2973.55455628 3352.28816496 3394.37440123]
n_po : 10
[   0.         1000.04711385 1375.97899278 1991.18537627 2365.21886463
 2393.41117638 2753.5111197  2973.087865   3352.13268493 3394.34598556]
n_po : 20
[   0.         1000.06046016 1376.02468983 1991.20693203 2365.26535972
 2393.43876186 2753.55610782 2973.12024031 3352.18764102 3394.37626505]
