n_po : 5
[   0.          912.65158644 1414.91986625 1816.69194701 2277.01303058
 2326.22334647 2714.45891611 2832.8763126  3183.61612856 3229.6237511
 3619.16512671 3687.30358585]
[   0.          937.32581558 1418.52287838 1865.08136326 2258.60876082
 2351.66701395 2786.29902386 2832.96882148 3193.92473766 3273.3182927
 3663.1940909  3673.29949248]
[   0.          949.3281785  1470.53040692 2218.8553563  2923.58816984
 2790.83254201 3173.90491669 3298.04782197 3908.27960722 3806.87957198
 4148.98452051 4410.01461017]
[   0.          910.35597903 1426.88739959 2195.0443305  2941.44459757
 2730.47299942 3143.13436667 3296.57309442 3967.29295218 3728.74572555
 4135.73837284 4374.90525194]
[   0.          947.70302737 1445.66516861 2119.34754141 2611.89819541
 2869.61801142 3087.06601528 3208.99382253 3536.16055089 4012.90146452
 4079.31410703 4295.98290215]
[    0.           935.61516183  1418.01702712  1862.20337894
  2282.32047388  2351.46253499  2782.99877981  2833.22044878
  3217.00164258  3275.98285467  3696.18033382  3698.76832787
  3765.48622195  4142.06777063  4205.69047494  4266.63267684
  4619.46397688  4674.31953152  4692.32336704  5053.53216505
  5110.03095665  5140.62004736  5200.28005885  5538.67069779
  5614.37008921  5634.91692869  5839.13817133  6026.67978824
  6069.41685697  6096.29188307  6129.25542794  6453.47327451
  6547.70711716  6563.02582275  6585.22029011  6804.3456783
  6944.7718413   7038.28517383  7077.57444232  7348.66886112
  7453.91786329  7459.3792408   7520.6630539   7527.10804995
  7753.6725277   7860.26672626  7985.87586303  8041.82675125
  8141.54054443  8312.71098996  8381.87167358  8466.01047448
  8592.67264691  8754.22458301  8768.69965557  8867.36541916
  8935.1865776   8966.1043744   9112.77771818  9273.45780204
  9300.76858048  9416.38471683  9648.47472408  9729.02260115
  9868.66624927 10027.13916738 10078.46863357 10186.95403633
 10202.96494234 10290.38415858 10426.48189049 10522.57931527
 10546.78439802 10690.09356171 10806.15494604 11049.32507845
 11144.6410479  11455.35561445 11513.90289358 11532.22737159
 11551.54541515 11632.18955443 11685.3268448  11760.99596911
 11946.90207904 12079.46270547 12109.33855209 12485.57737943
 12560.04986184 12598.13811192 12910.48301708 12958.08814214
 12970.64951399 13156.02413277 13242.54744617 13369.44615499
 13434.85813862 13561.22275072 13572.47141227 13983.37658029
 14229.61132778 14371.95080304 14385.68592686 14622.66863439
 14713.25235606 14811.9717028  14974.71591399 15253.70474488
 15407.07165471 15736.31724248 15825.27376899 15924.07563807
 16266.94316871 16392.10137068 16455.46619179 16865.56496125
 17216.38047224 17520.01344467 17853.64458855 17956.7026973
 18602.37768677 18708.41955154 19666.87814978 20319.21766931
 22717.95888328]
n_po : 7
[   0.          912.6482007  1414.91794477 1816.62918094 2276.99733078
 2326.19598577 2712.08182112 2832.87999346 3183.5035972  3229.33677587
 3599.97796008 3687.26878743]
[   0.          937.34775692 1418.27737981 1866.2192407  2258.4408019
 2351.5105615  2786.22345285 2832.39744189 3193.88816795 3275.76031117
 3697.89450219 3672.84354853]
[   0.          949.52948217 1470.37736281 2220.10406669 2923.32173255
 2790.8359196  3172.52646626 3297.39828943 3907.05579768 3810.09871743
 4184.3187649  4409.39308106]
[   0.          910.61324387 1426.79617633 2196.80604816 2941.25182833
 2730.77900854 3145.83516395 3296.05066806 3974.43537755 3723.57559685
 4166.87552403 4374.31512598]
[   0.          947.74178681 1445.47992058 2121.3327723  2611.71564625
 2869.9309702  3090.0513397  3208.48350697 3527.10823126 4024.69217832
 4109.27410895 4295.53320014]
[    0.           935.37116002  1417.64993368  1862.37583923
  2260.0338121   2350.2554663   2780.5801906   2831.3691343
  3192.22204101  3274.57907102  3673.52957478  3691.11452051
  3761.48050948  4115.98439792  4190.61233521  4241.69980942
  4513.21056505  4602.59438052  4603.07874373  4683.41749779
  5031.43947016  5083.01968508  5099.49209158  5169.60281864
  5445.20433099  5523.09596181  5540.95640766  5598.69198661
  5651.68806966  5923.3884843   5936.87861813  6009.33559848
  6030.07374515  6089.57425109  6369.35253726  6437.21786165
  6489.57574105  6507.59584298  6579.36056604  6812.9423947
  6832.50126039  6858.02580574  6927.44603129  6984.34157275
  7010.72927156  7100.6712644   7284.28302696  7329.5359857
  7345.79962386  7414.59114071  7450.4516669   7499.73274807
  7740.20141245  7786.91048639  7842.23192824  7900.52863392
  7907.52559896  7920.35154506  8031.3437808   8181.96210912
  8215.01372476  8267.08152258  8289.57100921  8333.05826728
  8405.29217453  8445.53906107  8656.66254938  8709.77902507
  8733.20686274  8743.95525127  8758.60719511  8830.28707049
  8868.07709189  8959.15167196  9102.3068602   9129.92151355
  9190.89795019  9250.95508888  9300.59651783  9328.76407366
  9356.47718025  9367.04592732  9555.60037221  9614.36315092
  9638.61168434  9675.60549763  9706.47044312  9726.57140407
  9758.04985574  9859.77629868  9906.24501088 10039.74428219
 10110.27419859 10146.29683183 10170.72688337 10255.01089727
 10290.99726323 10296.55481795 10327.03101461 10476.91939796
 10521.57279365 10596.37515831 10626.09611716 10645.65227562
 10682.32321492 10720.29479088 10809.04263999 10841.3161677
 10936.54701965 11015.19331828 11031.28977253 11039.48957071
 11098.58723889 11154.63958716 11204.18732629 11222.97343109
 11319.12954159 11428.17801411 11472.7790791  11516.80767062
 11577.24712296 11608.73816752 11632.97567934 11671.46995755
 11770.45555737 11832.29815403 11863.77621898 11921.48757162
 11987.09370299 12031.25427551 12035.11948568 12056.04369273
 12133.38171595 12149.53885374 12156.55423    12256.05370774
 12326.79242585 12442.98107093 12444.16126654 12536.29325012
 12556.97283542 12598.16508611 12620.41119012 12816.19257475
 12828.65457395 12855.31733662 12920.00522418 12921.93314416
 12966.62730043 13003.8487847  13082.4567561  13110.93921611
 13124.13954252 13205.96909988 13257.53968225 13303.39495668
 13356.26866487 13451.85675424 13480.44632575 13488.31511554
 13549.83265523 13571.95438436 13626.08064461 13693.40298982
 13730.07569418 13847.97431428 13918.83957217 13938.83660427
 13970.79782795 14023.88998064 14057.69495567 14121.51449775
 14222.41386186 14243.37161693 14299.1835422  14361.62541055
 14416.23867324 14422.73210103 14495.14045746 14546.5132986
 14582.9702646  14636.04382247 14665.45448987 14829.06275748
 14865.94654101 14884.24562393 14915.62218296 14937.58991926
 14965.60865861 14995.14262941 15158.27735946 15201.04114911
 15221.38891136 15248.75336086 15380.3574464  15395.54598796
 15441.04487087 15445.59438103 15626.49849706 15635.79540623
 15755.96000383 15767.81442233 15796.06444258 15828.70266773
 15877.23582372 15881.13442868 15910.93967032 15980.22941339
 16042.16854993 16095.9225572  16250.33481828 16254.6247168
 16275.59569959 16345.52476411 16357.71510218 16396.42724243
 16471.00378849 16603.28866548 16625.0976728  16703.94137373
 16788.26040578 16842.55321398 16850.61648441 17024.03282091
 17037.34182042 17065.63131103 17220.29660592 17235.1276124
 17252.09394295 17253.06392433 17293.70032534 17329.02605513
 17330.60948168 17435.3644095  17541.4654056  17636.38892065
 17672.11516527 17679.10509799 17694.0087856  17755.77725711
 17813.57321563 18044.96935829 18131.74188367 18184.6091743
 18193.58702051 18240.533543   18275.10537514 18334.69488691
 18426.1894099  18439.40970797 18639.08005951 18659.63042215
 18663.54631785 18700.206968   18722.59526492 18777.10918701
 18933.9430228  19079.53433655 19086.08454005 19162.35375819
 19173.58341503 19242.28737997 19254.53792681 19409.25312575
 19461.30947084 19519.72776098 19608.41916152 19662.50343048
 19719.04253707 19749.1390238  19842.90004388 20033.07454177
 20109.01569066 20135.31718189 20144.3878455  20168.81909897
 20232.5350231  20265.11393246 20496.2582397  20571.63320065
 20643.9509811  20645.55268673 20859.2409496  20869.14257699
 20910.70083125 20984.85544658 21002.80680522 21108.72300473
 21163.07335661 21212.10974005 21292.09899497 21515.65537438
 21612.89917426 21733.59984755 21888.57516769 21919.99356696
 22034.86125686 22041.08278408 22165.9188669  22335.11410246
 22350.94860707 22365.19899666 22483.19551009 22580.84223588
 22657.10923926 22907.18824485 22947.08272735 23002.05300937
 23159.78588342 23397.32897547 23416.28830708 23430.72299521
 23813.48384772 23941.50525117 23956.81295137 24024.02977079
 24121.97122329 24266.18451199 24428.52216188 24435.41042397
 24843.21750878 24992.13530173 25244.17528378 25352.29135601
 25424.2600195  25553.4473422  25628.30325645 25917.31400623
 26208.94245806 26440.00590125 26457.81631448 26940.33426629
 27190.8716898  27408.02652123 27517.45174105 28260.14644607
 28707.94053056 28940.32969511 30089.34305327 30651.54218268
 31162.34538976 33015.71200992 36649.71274442]
n_po : 10
[   0.          912.57819869 1414.91977585 1816.47176205 2277.0343546
 2326.33967523 2711.93298875 2832.85996711 3183.46137297 3229.58207989
 3599.50377801 3687.30183508]
[   0.          937.53494389 1418.23562825 1865.83058266 2258.52493577
 2351.8884675  2785.24040688 2832.5986956  3193.72455239 3275.96669556
 3695.52362693 3672.98871691]
[   0.          949.55587703 1470.34327578 2219.32391414 2923.5111011
 2790.9498169  3170.83782868 3297.60939167 3907.99341156 3809.38119238
 4183.08631919 4409.51923322]
[   0.          910.55447774 1426.79972519 2195.97853535 2941.26094623
 2730.98505704 3144.15570243 3296.22081192 3973.11380979 3725.06662999
 4165.72173891 4374.4064307 ]
[   0.          947.77990707 1445.49675555 2120.47480364 2612.54196207
 2869.35497787 3088.51373294 3208.65789217 3533.94924013 4018.06560319
 4107.9944124  4295.6410614 ]
[    0.           935.36127808  1417.6499074   1861.62734985
  2258.50082414  2350.41913494  2779.04676105  2831.62187592
  3189.85179041  3274.22044479  3672.05996704  3687.36261893
  3761.64783791  4112.17552042  4189.45099229  4241.77533981
  4494.98428006  4590.40668857  4599.9527678   4682.82107101
  5025.12836225  5081.5368802   5096.75399306  5169.44014442
  5423.66605195  5506.22632143  5518.77648567  5595.61239297
  5648.07146653  5905.31737864  5930.1478531   6001.72652058
  6005.93990026  6088.45404151  6343.22500907  6428.70612739
  6461.49898179  6487.09733868  6500.86329292  6573.70743682
  6712.93384455  6830.14801849  6838.36300787  6921.1948532
  6922.36627518  6998.86034313  7049.98080339  7253.12034564
  7311.32790619  7332.29913094  7405.07253411  7408.22036608
  7472.36401282  7490.63478755  7640.73033     7745.65241207
  7776.2490616   7828.08221781  7883.37701594  7888.12521758
  7901.96322127  7973.99419129  8120.74577173  8158.73373442
  8232.28753263  8242.6209175   8320.48555093  8328.86437581
  8398.89476872  8448.09727783  8559.11075912  8559.83906666
  8652.57286315  8713.55399941  8730.14084193  8750.04968329
  8806.08548413  8806.30573879  8888.86002546  8927.80529094
  8930.09274691  9044.9134155   9078.4287523   9143.82132831
  9188.0447102   9224.32379015  9284.45620421  9298.38105387
  9302.74752677  9371.30285774  9470.12980103  9524.2510867
  9557.86163535  9630.57380088  9641.2056521   9715.91968042
  9718.9935087   9732.06905267  9795.79760167  9855.18860176
  9856.89174631  9959.98823903 10005.12614623 10039.51757964
 10047.43835748 10110.85911468 10125.67620273 10161.2597994
 10201.05275904 10205.97816209 10285.45087862 10333.45523028
 10378.98648178 10383.97282273 10444.7761033  10481.32934751
 10538.31843447 10594.84395656 10618.78802946 10680.25793455
 10697.38083429 10714.30050263 10777.99948866 10780.56317364
 10868.22988246 10878.287831   10924.16525092 10952.10390227
 11024.38992806 11033.6897607  11045.43402986 11109.69641257
 11132.84590892 11181.56576508 11191.9244272  11236.27386674
 11261.67472391 11320.70805746 11336.19502827 11356.09930858
 11433.22574533 11440.24483822 11470.10863505 11503.93372768
 11521.1543446  11572.88175888 11600.41211979 11605.959905
 11693.18512124 11697.508485   11734.79558106 11783.2349024
 11823.29951993 11840.72074617 11878.76224791 11929.80938074
 11992.7618126  11999.69884962 12013.34850354 12092.58902997
 12094.98559411 12110.65161887 12123.4935079  12182.20319218
 12261.94023241 12265.4863914  12269.92795335 12318.94446251
 12344.22442315 12356.73264208 12417.19404355 12428.38124595
 12446.94322269 12513.7292895  12533.89961859 12582.68808584
 12606.61737725 12617.20329867 12662.13702925 12706.7967861
 12720.83526993 12748.63108365 12830.56624427 12853.77940793
 12899.49404791 12901.50183118 12918.40103026 12983.01134574
 13006.38064876 13018.55751383 13032.05259577 13080.16712744
 13100.24163341 13132.52257543 13162.60724806 13178.96986121
 13200.78202396 13232.55562551 13259.72929659 13276.5743258
 13324.33549989 13366.6264112  13403.27655567 13422.07810857
 13492.05230928 13511.48713142 13531.73120522 13554.97637052
 13562.42435657 13587.28483788 13588.85994137 13603.11002001
 13654.28533043 13707.77032802 13710.08939255 13738.81458637
 13804.24449158 13819.00865114 13829.30225094 13856.35634167
 13935.66151078 13937.77221628 13952.22396517 13979.25524079
 14025.83879158 14027.78335303 14058.27124303 14117.40203945
 14139.59209386 14155.73826333 14159.39000115 14229.66837653
 14271.10161004 14309.6821569  14318.04856411 14329.49336814
 14332.68987512 14394.15247986 14404.25731573 14438.99613225
 14476.82513825 14519.57022837 14524.28338671 14525.34599895
 14538.65437632 14575.21057787 14625.48769591 14666.84358165
 14674.33057878 14700.519987   14732.81854325 14770.22376923
 14811.75406425 14845.64319935 14876.65441206 14887.85177354
 14936.79868401 14947.21004642 14949.72178051 14978.01388283
 14995.42832352 15033.6872155  15050.44609619 15105.78026811
 15124.11465431 15147.13056295 15160.3976806  15236.3506129
 15244.24809268 15252.76436138 15276.06495127 15319.87454358
 15363.20677387 15371.4809179  15383.2411773  15403.1659893
 15450.23175342 15462.07416243 15462.87035036 15470.79696093
 15516.2939124  15539.04650738 15586.34400541 15643.90645657
 15694.70403312 15708.55886965 15754.54564915 15761.99128231
 15779.82276199 15808.8951983  15821.88319915 15857.07498289
 15860.04139279 15866.19702699 15915.33224728 15919.97218282
 15927.09623797 15977.72118363 16029.45974665 16066.56395853
 16069.74220974 16092.26485361 16122.28835384 16134.74815617
 16151.98872412 16162.7218165  16184.71757963 16239.81545613
 16252.91895964 16259.31693105 16300.38947434 16338.59713316
 16348.14947452 16398.22662761 16402.60466018 16408.96163638
 16430.36100579 16457.77230689 16463.02926813 16528.66400775
 16562.11150274 16599.12804054 16660.15120762 16684.2677145
 16689.0665853  16694.00069199 16706.04005671 16754.67482835
 16762.04572278 16783.06582064 16786.57764047 16848.53539133
 16849.52968895 16865.10059002 16918.66404081 16950.83145791
 17005.13052775 17038.39558408 17049.64357619 17069.19315418
 17085.46362312 17112.92243274 17142.18556502 17154.88594975
 17207.25656494 17216.40681939 17227.55561394 17244.64288983
 17251.6580524  17296.08023826 17312.42110931 17326.43230726
 17366.34757214 17382.72274507 17417.60598519 17459.77928325
 17500.2246783  17508.86543146 17511.15247328 17586.62969698
 17603.61060919 17625.39268115 17627.02502841 17628.80576379
 17640.51091153 17690.91688547 17705.57152164 17729.40307336
 17738.87767781 17778.58550814 17802.39653488 17811.74155897
 17859.11601079 17871.84370962 17879.44319689 17992.91611231
 17999.95871107 18022.64617947 18042.1774619  18058.73610353
 18084.55309858 18091.62582264 18127.99134    18147.64573959
 18149.55953681 18151.73150663 18166.34549117 18226.22552185
 18255.8565749  18263.77750082 18299.13709315 18326.65547061
 18380.63314135 18406.18113287 18440.06894355 18456.25052401
 18463.54764643 18518.87605057 18531.2752628  18553.89788476
 18565.90869747 18578.29301385 18606.12985702 18625.47234948
 18636.30710722 18678.98683755 18692.5801227  18700.5677676
 18739.14564353 18743.8372406  18782.1223042  18808.04642118
 18810.16735648 18920.78427723 18924.66436099 18937.48047767
 18948.47198657 18950.1091747  18980.45759087 18981.79889519
 19022.73318647 19029.4924785  19075.4429132  19086.68101588
 19123.11491032 19142.1070195  19197.87827812 19199.58956213
 19224.19357372 19245.01049886 19255.04367557 19286.6006123
 19305.72626195 19386.13346872 19411.40028489 19431.57071094
 19465.52749929 19478.15555629 19482.98894443 19498.3771493
 19538.86700913 19553.6173125  19558.43663323 19585.1552768
 19633.29679742 19659.0094952  19685.3643957  19696.72813797
 19702.53237734 19765.33582705 19785.4903559  19869.57179324
 19870.63973754 19873.54511031 19892.53220624 19908.81756242
 19911.76281568 19930.49267863 19939.84288194 19951.47893818
 19993.28342943 20046.02708412 20050.43500006 20060.23604424
 20082.40129766 20127.73211789 20153.11713061 20189.82951672
 20222.58390729 20234.27567179 20264.3121697  20302.16124587
 20330.93115593 20335.70397939 20358.23737455 20367.67381848
 20388.07309088 20406.80717031 20428.6078396  20446.4148049
 20474.40848698 20495.90202982 20560.49096193 20563.0139956
 20597.11124886 20603.73180886 20642.79789452 20647.3914747
 20682.42509188 20724.81873273 20755.69820377 20796.88611996
 20814.54976305 20818.80741825 20870.3022345  20884.29978063
 20888.50446251 20928.38021648 20951.53248806 20954.38413964
 20978.54672435 20988.41834407 20997.23525028 21071.84169578
 21085.93082411 21098.09428403 21101.84542784 21149.84637195
 21193.40427236 21197.0738803  21213.62287298 21264.59047684
 21279.17120856 21304.67160612 21318.97927398 21320.97708469
 21354.95917665 21365.74023787 21397.8261508  21450.85230637
 21471.26831418 21544.73921917 21570.71342342 21597.45735977
 21618.07289972 21632.85181578 21687.40944607 21725.29171535
 21728.14892645 21732.68383165 21738.74468131 21761.36653181
 21777.4605127  21797.77621991 21858.5757313  21885.10547751
 21899.23485646 21933.24400968 21953.21972829 21969.67454826
 21981.23738784 22003.20804073 22006.74155269 22041.17345237
 22079.65415723 22102.6669785  22120.16858223 22163.98408275
 22168.27174239 22182.13699547 22221.45695712 22230.47070918
 22259.3228608  22280.60294    22291.41026387 22373.33684356
 22390.17113869 22394.73568059 22400.85547566 22489.98087732
 22499.80088839 22526.20776216 22530.51222852 22602.78777191
 22633.32925525 22646.7786844  22655.39724795 22669.23503174
 22680.99463493 22710.24318985 22716.12611608 22728.61054235
 22750.03768751 22769.05682083 22798.09149561 22830.87760553
 22864.89568136 22915.89342486 22960.73529804 23005.33981287
 23034.17669684 23037.39562398 23055.69284872 23067.91028381
 23124.06150376 23127.97597838 23138.37465429 23138.50355707
 23167.43573089 23197.9279378  23202.82570329 23241.707376
 23275.73235678 23335.23131955 23349.54238027 23362.33679739
 23374.71518964 23395.50895059 23417.89375144 23423.10738557
 23467.25838384 23506.97198436 23523.56641441 23567.80991376
 23571.5203799  23617.24930025 23633.4267977  23644.15350901
 23653.46111908 23682.35777776 23698.30983715 23775.78295203
 23795.04326641 23830.22714375 23832.12382528 23890.82726932
 23937.6868154  23988.57048934 24006.55536813 24051.30807654
 24070.35626092 24081.03430617 24109.5874085  24126.00658718
 24143.66975185 24151.14423608 24162.12565315 24192.2625909
 24204.45316062 24242.937932   24256.8563776  24313.62402433
 24403.74277549 24439.02701665 24441.44022963 24468.97667646
 24475.17031934 24485.24925205 24500.96892623 24536.8509179
 24544.45738049 24567.95653277 24572.70993084 24585.36302021
 24592.81203106 24701.24239847 24752.15815329 24768.92947776
 24780.18513481 24817.21516354 24831.91265445 24887.85911527
 24908.88627858 24925.06789862 24954.74451324 24966.54434579
 25002.62234491 25023.0579044  25025.93563491 25046.99081458
 25099.61103216 25125.90413079 25129.9539428  25176.706382
 25203.85723502 25240.39643492 25252.57569056 25257.52343682
 25283.25208686 25312.64342216 25320.96549394 25341.07060307
 25404.357885   25460.51599787 25484.77647302 25511.34867596
 25538.34611416 25553.41838568 25563.34951503 25593.84298359
 25635.95551159 25662.8004246  25666.17733797 25748.60896235
 25795.26195886 25800.8646213  25842.33723345 25843.47945351
 25898.24870315 25923.65048861 25927.95942945 25947.51793728
 25976.30074355 25989.29128014 25995.75618139 26050.02510456
 26087.96337624 26150.81833427 26173.04056862 26203.27179558
 26224.07187352 26234.50285752 26258.95468678 26292.23424038
 26297.12063011 26362.11630846 26420.32611745 26448.99856159
 26465.76755512 26492.21933903 26494.89325527 26512.99331645
 26524.51697514 26606.96436088 26621.53353908 26676.63496037
 26685.0648957  26688.26903422 26701.62164809 26758.47471681
 26800.32016031 26839.71923734 26886.1906667  26914.14650835
 26928.25140862 26958.42528701 26970.26960268 27005.03632614
 27056.5489689  27062.99931713 27154.28804382 27206.15813765
 27220.583749   27239.89171018 27298.01533307 27306.62384855
 27329.5902438  27356.85653675 27375.91990245 27441.0464761
 27445.00726998 27454.14753582 27513.76997981 27548.44459506
 27583.40386051 27616.52056072 27631.85853331 27647.47512685
 27680.5953257  27716.57987862 27755.9957106  27758.49219897
 27827.07683473 27869.87736291 27888.59199744 27894.70888673
 27902.01315434 27922.68649732 27956.97553463 27988.61640312
 28029.52762566 28090.20288349 28104.86030333 28113.40141057
 28151.41644117 28174.57914045 28200.52943751 28293.98428097
 28347.37060811 28372.57578313 28374.67461969 28391.70074048
 28493.04789268 28514.13324033 28529.47513343 28570.26348166
 28598.87580584 28646.97155351 28674.45534355 28704.90504352
 28712.44414391 28729.62195959 28760.47236138 28786.53679699
 28836.14784345 28906.9085924  28913.97249325 28942.34244778
 28970.48166388 29006.7414772  29055.13215089 29080.74470801
 29126.08969824 29132.96768555 29161.00308611 29270.50099311
 29291.82725237 29322.96412296 29338.50024414 29394.56557184
 29404.98112295 29412.18679063 29433.10720836 29488.15349521
 29537.95344817 29541.95713349 29584.42281749 29641.83236874
 29730.69072702 29742.88062335 29771.95555483 29786.65181863
 29891.65824241 29919.98257495 29966.4212331  30022.01948944
 30108.31131316 30136.66173031 30165.03134675 30171.90282313
 30204.5543037  30231.65311214 30248.55760854 30265.5909797
 30301.59715337 30379.15213779 30394.57271962 30432.74427842
 30457.0718323  30468.2724137  30528.02370505 30570.06288908
 30584.32165609 30628.87351083 30635.33355081 30746.71092179
 30767.96014045 30822.36113418 30862.22096221 30885.71787368
 30896.11527378 30976.32992084 31036.72394661 31070.34765037
 31116.17593558 31163.69509439 31184.58204566 31239.93566977
 31266.14245766 31291.26964263 31359.05707259 31456.54810313
 31485.11619712 31515.30167808 31592.73497084 31642.15203814
 31659.91538279 31684.09644264 31737.34126205 31843.84452676
 31853.72409958 31889.50746858 31915.80208177 31942.47428609
 32009.06257835 32071.21631103 32133.71073469 32171.34588686
 32186.80759323 32229.85536059 32292.13075096 32364.80171042
 32406.25523549 32469.22233122 32518.61338413 32558.15740583
 32576.48804039 32639.09553705 32655.71325835 32778.81864516
 32817.61425597 32864.61164938 32957.17487901 33028.71341495
 33049.17488633 33070.75190471 33085.14444615 33144.52447579
 33215.96398073 33241.8860237  33300.46128323 33369.44878295
 33419.12727173 33442.75298063 33571.29299311 33604.25015918
 33649.71129549 33702.02361154 33760.52887282 33841.21412931
 33888.89443803 33971.95592875 34000.53972019 34014.99374917
 34023.25665894 34068.22595164 34091.48112199 34282.6957923
 34292.24558118 34397.79902677 34478.93883017 34491.30616999
 34536.09761816 34578.94763276 34730.31905351 34795.62007667
 34820.10638848 34852.74133524 35058.00201599 35096.11446245
 35123.01226793 35276.16818665 35341.44631266 35373.71064158
 35406.28826904 35476.39755561 35508.24573695 35603.36574268
 35643.65420732 35785.65853479 35871.69362174 35939.60374181
 35954.32030959 35996.49207995 36224.35542725 36284.05232285
 36406.60699619 36528.48853795 36582.90922208 36619.43871415
 36758.24934621 36825.70059224 36897.72164217 36972.75437216
 36979.00830867 37078.02084246 37196.94356038 37283.14788039
 37450.00369397 37558.24901807 37737.45449425 37779.15981478
 37809.69774357 37875.65704064 38059.31703659 38155.28961376
 38366.06038375 38479.42394638 38797.45811272 38841.11776751
 38929.40338381 39048.34532941 39191.5312598  39440.69539234
 39484.88289528 39618.45290202 39962.19360212 40015.53435685
 40064.50823946 40288.79246773 40411.01842342 40866.72533891
 40928.60214184 41056.98144989 41190.56203359 41468.38150783
 41526.33959061 41666.36099382 42091.36192499 42350.76102303
 42412.53909109 42901.61199652 43205.36294156 43554.41432397
 43930.18105002 44738.97651542 45327.39794503 45498.87146655
 45607.61119086 46091.80221141 46887.53789526 47567.30157473
 48078.11353101 48593.30014386 50021.98621629 52796.46644438
 53026.12378855 53146.92390401 57166.94329158 62737.11606343]
